DJI_0002.JPG 34.032505638888885 108.76779925 514.638
DJI_0005.JPG 34.03267641666667 108.76781155555555 514.464
DJI_0011.JPG 34.03394725 108.76789833333333 514.635
DJI_0015.JPG 34.03487661111111 108.76796561111111 514.642
DJI_0018.JPG 34.03509530555555 108.76797844444444 514.615
DJI_0022.JPG 34.03506447222222 108.76773913888889 514.582
DJI_0025.JPG 34.03463080555555 108.76770336111112 514.66
DJI_0028.JPG 34.03403180555556 108.76765755555556 514.578
DJI_0031.JPG 34.033382777777774 108.76761005555555 514.547
DJI_0035.JPG 34.03253316666667 108.7675511111111 514.661
DJI_0041.JPG 34.032487583333335 108.76718336111111 514.831
DJI_0042.JPG 34.03248605555555 108.76717719444444 514.781
DJI_0048.JPG 34.03325102777778 108.76728608333333 514.608
DJI_0051.JPG 34.03387375 108.76732563888889 514.609
DJI_0052.JPG 34.034081083333334 108.76734075 514.59
DJI_0055.JPG 34.03470161111111 108.76738266666666 514.587
DJI_0061.JPG 34.03516225 108.76709783333334 514.61
DJI_0065.JPG 34.03492263888889 108.7670823888889 514.535
DJI_0068.JPG 34.03433427777777 108.76704025 514.691
DJI_0072.JPG 34.033466999999995 108.76698133333333 514.629
DJI_0075.JPG 34.03280680555555 108.76694088888888 514.528
DJI_0078.JPG 34.03247211111111 108.76691944444444 514.524
DJI_0081.JPG 34.03250063888889 108.76672519444445 514.701
DJI_0085.JPG 34.032728444444444 108.7665366388889 514.542
DJI_0091.JPG 34.03391938888889 108.76662430555555 514.618
DJI_0092.JPG 34.03412261111111 108.76664058333333 514.588
DJI_0098.JPG 34.03518033333333 108.76671308333333 514.628
DJI_0101.JPG 34.035119083333335 108.76656191666666 514.596
DJI_0102.JPG 34.03512708333333 108.76638525 514.611
DJI_0105.JPG 34.03509647222222 108.76637558333333 514.643
DJI_0111.JPG 34.033914833333334 108.76629880555555 514.529
DJI_0115.JPG 34.03300075 108.76621002777777 514.643
DJI_0118.JPG 34.032449694444445 108.76618838888889 514.69
DJI_0122.JPG 34.03240563888889 108.765901 514.69
DJI_0125.JPG 34.032411055555556 108.76582372222222 514.662
DJI_0128.JPG 34.03271611111111 108.76583419444444 514.517
DJI_0131.JPG 34.03324172222222 108.76585058333333 514.588
DJI_0135.JPG 34.03400922222222 108.76589261111111 514.61
DJI_0141.JPG 34.03509111111111 108.76597241666667 514.656
DJI_0142.JPG 34.03511819444444 108.76597658333333 514.619
