DJI_0002.JPG 0.0 0.0 0.0
DJI_0005.JPG 1.136502194718024 18.94471263835052 -0.1740283354476304
DJI_0011.JPG 9.150887116507509 159.92076256807346 -0.005018428985010814
DJI_0015.JPG 15.364189902744634 263.01664813277375 -0.0014604668066482418
DJI_0018.JPG 16.54936288252069 287.2768610609836 -0.029513647144568722
DJI_0022.JPG -5.551516671578071 283.8564433571913 -0.062340937273717145
DJI_0025.JPG -8.855791726698286 235.74893956148208 0.01762175801103183
DJI_0028.JPG -13.086242906526223 169.3006810553214 -0.06226821051640741
DJI_0031.JPG -17.473255978463847 97.30275378560809 -0.09176870888806832
DJI_0035.JPG -22.91736226475657 3.053738007763432 0.022958141449466618
DJI_0041.JPG -56.88167932158052 -2.0027670420118886 0.1927463294318903
DJI_0042.JPG -57.451215027982805 -2.172242962704957 0.14274117506640294
DJI_0048.JPG -47.39413199536049 82.68757037640427 -0.03071375015495903
DJI_0051.JPG -43.74061094403305 151.76735811692944 -0.030961769616524748
DJI_0052.JPG -42.34491294725281 174.76724872459866 -0.05054316980397289
DJI_0055.JPG -38.473405762816796 243.6036124101466 -0.055784199177310256
DJI_0061.JPG -64.77873718228767 294.7033495220085 -0.03516079041818898
DJI_0065.JPG -66.20528101720194 268.12281631065866 -0.10899855194412567
DJI_0068.JPG -70.09747863603495 202.8547793490908 0.0493781013647947
DJI_0072.JPG -75.53949793927066 106.64597783404831 -0.010341525679571362
DJI_0075.JPG -79.27539717718801 33.409339809478936 -0.11057991699984981
DJI_0078.JPG -81.25625426449298 -3.718952716569331 -0.11451809884158459
DJI_0081.JPG -99.19658266747774 -0.5541394292753397 0.062229465441631326
DJI_0085.JPG -116.61069945560786 24.716975111436277 -0.09711284581644186
DJI_0091.JPG -108.51257322660274 156.83069216017498 -0.022856905735736177
DJI_0092.JPG -107.00897537808208 179.3745181522978 -0.053427771570028426
DJI_0098.JPG -100.31197382083883 296.7096809719527 -0.017713483796939045
DJI_0101.JPG -114.27292084010791 289.9152527642883 -0.049634518836626285
DJI_0102.JPG -130.5888162248222 290.8029207407126 -0.03498790818781572
DJI_0105.JPG -131.48162122216283 287.40718272518023 -0.002851769643626767
DJI_0111.JPG -138.57429161569726 156.32572597384012 -0.11242609789904634
DJI_0115.JPG -146.77498411280038 54.92478517322254 0.003075782814082828
DJI_0118.JPG -148.77443887299071 -6.2048561666843005 0.05026379777337242
DJI_0122.JPG -175.3169299336862 -11.091570171442575 0.04958356006944342
DJI_0125.JPG -182.45407162595174 -10.490553673702994 0.021384632084359367
DJI_0128.JPG -181.48623358525992 23.34983689805325 -0.123622017673231
DJI_0131.JPG -179.97150047055786 81.65688057607255 -0.05306079143971232
DJI_0135.JPG -176.0883884081271 166.7970986514768 -0.03261659622931745
DJI_0141.JPG -168.71577425676267 286.8130556284847 0.00929981361633736
DJI_0142.JPG -168.3309105243237 289.817455485034 -0.027826313612109743
