DJI_0002.JPG 34.03250563926396 108.7677992500047 514.6380141189607
DJI_0005.JPG 34.03267641704175 108.76781155556024 514.4640141184373
DJI_0011.JPG 34.03394725037507 108.76789833333802 514.635014120011
DJI_0015.JPG 34.03487661148619 108.76796561111581 514.6420141205874
DJI_0018.JPG 34.03509530593064 108.76797844444913 514.6150141188659
DJI_0022.JPG 34.035064472597305 108.76773913889359 514.58201412093
DJI_0025.JPG 34.03463080593064 108.76770336111582 514.6600141209601
DJI_0028.JPG 34.03403180593064 108.76765755556025 514.5780141181838
DJI_0031.JPG 34.033382778152856 108.76761005556025 514.5470141202469
DJI_0035.JPG 34.032533167041734 108.7675511111158 514.6610141190716
DJI_0041.JPG 34.03248758370841 108.7671833611158 514.8310141174146
DJI_0042.JPG 34.03248605593062 108.76717719444913 514.781014119351
DJI_0048.JPG 34.03325102815287 108.767286083338 514.6080141176822
DJI_0051.JPG 34.033873750375086 108.7673256388936 514.6090141196072
DJI_0052.JPG 34.034081083708415 108.7673407500047 514.5900141181363
DJI_0055.JPG 34.034701611486206 108.76738266667134 514.5870141200741
DJI_0061.JPG 34.035162250375095 108.76709783333804 514.6100141200549
DJI_0065.JPG 34.034922639263975 108.76708238889358 514.5350141212151
DJI_0068.JPG 34.03433427815287 108.76704025000468 514.6910141178644
DJI_0072.JPG 34.03346700037507 108.76698133333802 514.629014119036
DJI_0075.JPG 34.032806805930626 108.76694088889357 514.5280141183038
DJI_0078.JPG 34.032472111486186 108.76691944444913 514.5240141183028
DJI_0081.JPG 34.03250063926396 108.76672519444914 514.7010141196162
DJI_0085.JPG 34.03272844481952 108.76653663889358 514.5420141185081
DJI_0091.JPG 34.03391938926397 108.76662430556024 514.6180141201446
DJI_0092.JPG 34.0341226114862 108.76664058333803 514.5880141204581
DJI_0098.JPG 34.03518033370842 108.76671308333802 514.628014119876
DJI_0101.JPG 34.03511908370843 108.76656191667136 514.5960141211804
DJI_0102.JPG 34.03512708370842 108.7663852500047 514.6110141185302
DJI_0105.JPG 34.03509647259731 108.76637558333803 514.6430141205065
DJI_0111.JPG 34.033914833708415 108.76629880556024 514.5290141197744
DJI_0115.JPG 34.03300075037509 108.76621002778248 514.6430141179527
DJI_0118.JPG 34.03244969481952 108.76618838889358 514.690014117239
DJI_0122.JPG 34.03240563926396 108.7659010000047 514.6900141182923
DJI_0125.JPG 34.03241105593064 108.76582372222691 514.66201411629
DJI_0128.JPG 34.032716111486195 108.76583419444913 514.5170141181547
DJI_0131.JPG 34.0332417225973 108.76585058333802 514.5880141197863
DJI_0135.JPG 34.0340092225973 108.7658926111158 514.6100141190968
DJI_0141.JPG 34.03509111148619 108.76597241667137 514.6560141201346
DJI_0142.JPG 34.03511819481953 108.76597658333802 514.6190141194936
